[511, 269, 1024, 540, 551397.0]
[511, 269, 1024, 540, 551397.0]
[511, 269, 1024, 540, 551397.0]
[511, 269, 1024, 540, 551397.0]
[44, 401, 120, 193, 8610.5]
[594, 263, 75, 86, 3303.0]
[518, 249, 68, 80, 2537.0]
[454, 237, 67, 81, 2781.0]
[384, 223, 71, 81, 4415.0]
[385, 224, 35, 45, 1177.0]
[311, 210, 73, 83, 4317.0]
[310, 225, 26, 19, 305.0]
[314, 197, 24, 16, 165.5]
[167, 182, 114, 115, 10191.0]
[167, 181, 104, 105, 8418.5]
[167, 181, 87, 82, 3831.0]
[167, 181, 44, 28, 855.5]
[197, 186, 17, 50, 386.0]
[137, 175, 17, 50, 397.5]
[216, 5, 16, 12, 63.0]
[55, 374, 110, 77, 1302.0]
[304, 145, 10, 22, 65.0]
[131, 188, 115, 115, 10188.0]
[131, 188, 105, 105, 8416.0]
[131, 188, 88, 82, 3838.5]
[131, 188, 44, 29, 851.5]
[101, 194, 18, 49, 391.5]
[161, 181, 19, 50, 387.0]
[275, 158, 73, 83, 4258.5]
[279, 172, 26, 19, 306.5]
[272, 145, 23, 16, 156.5]
[348, 142, 71, 81, 4414.5]
[348, 142, 36, 45, 1179.0]
[417, 127, 65, 81, 2765.5]
[480, 112, 70, 80, 2536.5]
[555, 96, 77, 87, 3303.0]
[107, 7, 13, 15, 65.0]
[45, 273, 91, 96, 3320.0]
[499, 222, 11, 16, 66.0]
[111, 234, 74, 79, 2529.5]
[167, 201, 72, 81, 2770.5]
[229, 166, 74, 80, 4415.5]
[229, 166, 39, 44, 1174.0]
[293, 128, 83, 87, 4323.0]
[298, 141, 18, 22, 145.5]
[285, 116, 27, 23, 284.5]
[421, 56, 115, 114, 10179.5]
[421, 56, 105, 104, 8413.5]
[421, 56, 88, 87, 3845.0]
[395, 72, 29, 44, 382.0]
[421, 56, 45, 38, 846.0]
[448, 41, 28, 44, 392.5]
[55, 374, 110, 77, 1302.0]
[304, 145, 10, 22, 65.0]
[131, 188, 115, 115, 10188.0]
[131, 188, 105, 105, 8416.0]
[131, 188, 88, 82, 3838.5]
[131, 188, 44, 29, 851.5]
[101, 194, 18, 49, 391.5]
[161, 181, 19, 50, 387.0]
[275, 158, 73, 83, 4258.5]
[279, 172, 26, 19, 306.5]
[272, 145, 23, 16, 156.5]
[348, 142, 71, 81, 4414.5]
[348, 142, 36, 45, 1179.0]
[417, 127, 65, 81, 2765.5]
[480, 112, 70, 80, 2536.5]
[555, 96, 77, 87, 3303.0]
[107, 7, 13, 15, 65.0]
[55, 374, 110, 77, 1302.0]
[304, 145, 10, 22, 65.0]
[131, 188, 115, 115, 10188.0]
[131, 188, 105, 105, 8416.0]
[131, 188, 88, 82, 3838.5]
[131, 188, 44, 29, 851.5]
[101, 194, 18, 49, 391.5]
[161, 181, 19, 50, 387.0]
[275, 158, 73, 83, 4258.5]
[279, 172, 26, 19, 306.5]
[272, 145, 23, 16, 156.5]
[348, 142, 71, 81, 4414.5]
[348, 142, 36, 45, 1179.0]
[417, 127, 65, 81, 2765.5]
[480, 112, 70, 80, 2536.5]
[555, 96, 77, 87, 3303.0]
[107, 7, 13, 15, 65.0]
[202, 53, 64, 77, 4135.5]
[203, 67, 26, 18, 384.5]
[201, 37, 24, 18, 329.5]
[277, 50, 70, 79, 4313.0]
[277, 50, 35, 46, 1242.5]
[347, 48, 59, 79, 2634.5]
[412, 46, 65, 79, 2412.0]
[489, 43, 64, 77, 3146.5]
[55, 56, 113, 114, 10037.0]
[55, 56, 106, 106, 8573.5]
[55, 56, 86, 75, 3693.5]
[55, 55, 43, 23, 894.0]
[24, 56, 14, 52, 441.5]
[86, 54, 14, 51, 432.0]
[202, 53, 64, 77, 4135.5]
[203, 67, 26, 18, 384.5]
[201, 37, 24, 18, 329.5]
[277, 50, 70, 79, 4313.0]
[277, 50, 35, 46, 1242.5]
[347, 48, 59, 79, 2634.5]
[412, 46, 65, 79, 2412.0]
[489, 43, 64, 77, 3146.5]
[55, 56, 113, 114, 10037.0]
[55, 56, 106, 106, 8573.5]
[55, 56, 86, 75, 3693.5]
[55, 55, 43, 23, 894.0]
[24, 56, 14, 52, 441.5]
[86, 54, 14, 51, 432.0]
[490, 58, 64, 76, 3129.0]
[202, 58, 62, 76, 4132.5]
[203, 72, 26, 18, 386.0]
[202, 42, 24, 18, 328.0]
[413, 58, 64, 79, 2407.5]
[348, 58, 59, 79, 2624.0]
[277, 57, 70, 79, 4318.0]
[277, 57, 35, 47, 1243.0]
[56, 56, 114, 115, 10042.5]
[56, 56, 105, 106, 8567.0]
[56, 56, 87, 74, 3676.5]
[56, 56, 43, 23, 909.0]
[86, 56, 13, 52, 428.5]
[25, 56, 14, 52, 436.5]
[490, 58, 64, 76, 3129.0]
[202, 58, 62, 76, 4132.5]
[203, 72, 26, 18, 386.0]
[202, 42, 24, 18, 328.0]
[413, 58, 64, 79, 2407.5]
[348, 58, 59, 79, 2624.0]
[277, 57, 70, 79, 4318.0]
[277, 57, 35, 47, 1243.0]
[56, 56, 114, 115, 10042.5]
[56, 56, 105, 106, 8567.0]
[56, 56, 87, 74, 3676.5]
[56, 56, 43, 23, 909.0]
[86, 56, 13, 52, 428.5]
[25, 56, 14, 52, 436.5]
[490, 58, 64, 76, 3129.0]
[202, 58, 62, 76, 4132.5]
[203, 72, 26, 18, 386.0]
[202, 42, 24, 18, 328.0]
[413, 58, 64, 79, 2407.5]
[348, 58, 59, 79, 2624.0]
[277, 57, 70, 79, 4318.0]
[277, 57, 35, 47, 1243.0]
[56, 56, 114, 115, 10042.5]
[56, 56, 105, 106, 8567.0]
[56, 56, 87, 74, 3676.5]
[56, 56, 43, 23, 909.0]
[86, 56, 13, 52, 428.5]
[25, 56, 14, 52, 436.5]
[490, 58, 64, 76, 3129.0]
[202, 58, 62, 76, 4132.5]
[203, 72, 26, 18, 386.0]
[202, 42, 24, 18, 328.0]
[413, 58, 64, 79, 2407.5]
[348, 58, 59, 79, 2624.0]
[277, 57, 70, 79, 4318.0]
[277, 57, 35, 47, 1243.0]
[56, 56, 114, 115, 10042.5]
[56, 56, 105, 106, 8567.0]
[56, 56, 87, 74, 3676.5]
[56, 56, 43, 23, 909.0]
[86, 56, 13, 52, 428.5]
[25, 56, 14, 52, 436.5]
